## SafetyParameters ##

[Joint]
size = 4
gear_ratio = 101
torque_max = 330
temperature_model_parameters = [2.0864784, -0.0067425, 1.1497692, -0.0534681]

[Motor]
rotor_inertia = 0.000590109

## SafetyParameters ##

[Joint]
min_limit = -6.3355451848
max_limit = 6.3355451848
v_max = 2.2943951023931954
a_max = 40.0
torque_window_min = 23.5
torque_window_max = 100

[Motor]
winding_resistance = 0.088
torque_constant = 0.11968
